58
0 45 577
1 184 395
2 202 536
3 291 552
4 393 527
5 248 644
6 341 657
7 563 375
8 658 489
9 720 516
10 558 650
11 621 648
12 560 788
13 610 992
14 61 942
15 175 982
16 63 832
17 115 1114
18 219 1109
19 416 1128
20 513 1098
21 436 919
22 605 932
23 620 817
24 726 987
25 598 1098
26 792 1046
27 908 998
28 994 1095
29 721 878
30 805 903
31 872 835
32 942 878
33 822 761
34 750 667
35 781 600
36 755 363
37 920 370
38 1016 391
39 976 589
40 1083 713
41 1037 815
42 1147 898
43 1312 930
44 1304 1112
45 1351 1069
46 1425 1135
47 1378 1013
48 1397 915
49 1252 813
50 1260 671
51 1368 701
52 1429 720
53 1196 630
54 1296 619
55 1253 539
56 1214 479
57 1283 434
76
0	1	37
0	2	30
0	5	46
1	3	78
2	3	15
3	5	16
3	4	23
3	6	23
4	7	62
4	10	64
5	16	51
6	12	73
7	8	10
8	9	33
8	11	36
8	36	56
9	35	31
10	11	13
11	33	56
11	34	74
12	23	11
12	21	84
13	24	30
14	15	37
14	16	13
15	16	29
15	21	107
15	17	51
17	18	16
18	19	44
19	20	17
20	25	62
21	22	110
22	23	21
22	29	30
24	25	130
24	26	23
24	29	10
26	27	36
27	28	29
27	32	30
28	42	63
28	44	70
29	30	16
30	31	13
31	33	18
31	32	22
32	41	30
33	39	45
34	35	8
36	37	40
37	38	20
37	39	47
38	56	40
39	40	35
40	41	18
40	53	33
41	42	23
42	44	54
42	49	24
43	47	19
43	48	12
43	49	25
45	47	14
45	46	20
46	47	24
49	50	18
50	51	17
50	53	30
51	52	10
51	54	27
52	57	70
53	55	14
54	55	14
55	56	21
56	57	13
1	0	37
2	0	30
5	0	46
3	1	78
3	2	15
5	3	16
4	3	23
6	3	23
7	4	62
10	4	64
16	5	51
12	6	73
8	7	10
9	8	33
11	8	36
36	8	56
35	9	31
11	10	13
33	11	56
34	11	74
23	12	11
21	12	84
24	13	30
15	14	37
16	14	13
16	15	29
21	15	107
17	15	51
18	17	16
19	18	44
20	19	17
25	20	62
22	21	110
23	22	21
29	22	30
25	24	130
26	24	23
29	24	10
27	26	36
28	27	29
32	27	30
42	28	63
44	28	70
30	29	16
31	30	13
33	31	18
32	31	22
41	32	30
39	33	45
35	34	8
37	36	40
38	37	20
39	37	47
56	38	40
40	39	35
41	40	18
53	40	33
42	41	23
44	42	54
49	42	24
47	43	19
48	43	12
49	43	25
47	45	14
46	45	20
47	46	24
50	49	18
51	50	17
53	50	30
52	51	10
54	51	27
57	52	70
55	53	14
55	54	14
56	55	21
57	56	13